source,detector,type,cond,beta,se,tstat,dfe,p,q,power
1,1,hbo,PDF:group_G,1.84317389561967,2.21081226214562,0.833708916482508,56,0.407987135321846,0.718057358166448,0.402351185055259
1,1,hbo,Video:group_G,0.162277047036992,2.13228895618624,0.0761046229528089,56,0.93960710473278,0.983379281419592,0.787575449844492
1,1,hbr,PDF:group_G,1.81705972059037,1.57667553135408,1.1524626877604,56,0.254026980611808,0.613882577945886,0.359319646937641
1,1,hbr,Video:group_G,0.241536958618158,1.5677626350032,0.154064750125688,56,0.878112568714833,0.969654577077145,0.684902563640294
1,3,hbo,PDF:group_G,-4.12862347445355,4.45025329243819,-0.927727750119044,56,0.357530265022757,0.668068843699116,0.387380404027125
1,3,hbo,Video:group_G,7.03639602326596,4.43621049025869,1.58612762823516,56,0.11834154574033,0.433707899671027,0.324103172664566
1,3,hbr,PDF:group_G,3.44713194175139,2.20261374671608,1.56501880862715,56,0.123212471497451,0.433707899671027,0.325430522898161
1,3,hbr,Video:group_G,0.130505354584943,2.21481753359779,0.0589237499727335,56,0.953222609284131,0.983379281419592,0.81856118480347
2,1,hbo,PDF:group_G,10.24609379778,5.07764970698184,2.01788118303858,56,0.0484045585198482,0.266693041669462,0.308151586547804
2,1,hbo,Video:group_G,-1.84017062814407,5.03984364610496,-0.365124546981977,56,0.716393858016258,0.865993577096942,0.536675322787318
2,1,hbr,PDF:group_G,1.87812871656117,2.54641429556687,0.737558189109631,56,0.463862342854989,0.752841530446483,0.420375862814165
2,1,hbr,Video:group_G,-0.565690098446585,2.56139364616356,-0.220852464162966,56,0.826010576861937,0.956433299524348,0.624628370153987
2,2,hbo,PDF:group_G,10.8377358013314,6.64982666860175,1.62977718690077,56,0.108761392797895,0.425689056300395,0.321453835303113
2,2,hbo,Video:group_G,-5.1897491947015,6.65246402257385,-0.780124353486331,56,0.438602676091666,0.742250682616665,0.412013822886782
2,2,hbr,PDF:group_G,3.91844786967453,2.81176864005243,1.39358829665355,56,0.168948329636182,0.530980464570859,0.33747495326543
2,2,hbr,Video:group_G,-1.52591402258013,2.84619504061783,-0.536124194162357,56,0.593995997381996,0.784440502746525,0.470958298005291
2,4,hbo,PDF:group_G,7.66446138231109,4.24225052837011,1.80669701872978,56,0.0761833499901292,0.337074044082897,0.31188472624817
2,4,hbo,Video:group_G,0.472101365473786,4.21614582645848,0.111974629176986,56,0.911243928728345,0.977920313757249,0.734302174972145
2,4,hbr,PDF:group_G,2.92269919512764,2.05129323803714,1.4248080873724,56,0.159762206971798,0.520706452352528,0.335098598713354
2,4,hbr,Video:group_G,2.30580559355965,2.07023509686032,1.11378924889091,56,0.270127394228154,0.613882577945886,0.363519299969532
3,2,hbo,PDF:group_G,31.9530383593572,6.12506783181231,5.21676481579516,56,2.74162318841954e-06,0.000241262840580919,0.995316945367121
3,2,hbo,Video:group_G,-15.4592313772238,6.10980055914912,-2.53023502609662,56,0.0142375770675364,0.139211864660356,0.503312500278179
3,2,hbr,PDF:group_G,6.92733119826362,3.01567608263105,2.29710718540428,56,0.0253736231699937,0.186073236579954,0.411497099390918
3,2,hbr,Video:group_G,4.09809257841171,3.05023219936245,1.34353462640263,56,0.184517992974624,0.559916668336789,0.341476957303553
3,5,hbo,PDF:group_G,12.3634188811814,5.8958151241608,2.09698211711501,56,0.0405233927229998,0.25471846854457,0.336294946656875
3,5,hbo,Video:group_G,-5.43239170188747,5.94061133659888,-0.914449943631158,56,0.364401187472245,0.668068843699116,0.389357568847624
3,5,hbr,PDF:group_G,3.04803040059153,3.06039594966252,0.995959493714415,56,0.323554021321151,0.637136277706767,0.377846548196877
3,5,hbr,Video:group_G,1.21486256501761,3.05566588121635,0.397577029768065,56,0.692453466207634,0.858252183468617,0.521827333438448
4,1,hbo,PDF:group_G,4.96644632826384,4.66239773064293,1.06521292587773,56,0.291350948968871,0.613882577945886,0.369129391757151
4,1,hbo,Video:group_G,-6.01194362869437,4.63222180522574,-1.29785314293718,56,0.199658277003655,0.56463698735631,0.345351650336743
4,1,hbr,PDF:group_G,2.1265445488847,1.97015126349535,1.07938135933374,56,0.285044880607799,0.613882577945886,0.367452591632643
4,1,hbr,Video:group_G,-1.05078554345003,1.97739747352315,-0.531398243155351,56,0.597244473682013,0.784440502746525,0.472425595641274
4,3,hbo,PDF:group_G,-2.3091684038628,4.92806062026603,-0.468575486747593,56,0.641192015902705,0.829777902932912,0.493564852963216
4,3,hbo,Video:group_G,-0.360325723182451,4.92067595629839,-0.0732268750030654,56,0.941886511350432,0.983379281419592,0.792467367853403
4,3,hbr,PDF:group_G,1.67601390089293,2.20233555818703,0.761016591982298,56,0.449839915513228,0.746904010663472,0.415687452310601
4,3,hbr,Video:group_G,-0.916714921186309,2.21627500002085,-0.41362868830704,56,0.680725869039509,0.858252183468617,0.514965353656855
4,4,hbo,PDF:group_G,4.17646096436262,4.0990674872176,1.01888075211895,56,0.312641336409875,0.637136277706767,0.374861392344801
4,4,hbo,Video:group_G,-4.06096908246433,4.09665336967626,-0.991289405279914,56,0.325808323827324,0.637136277706767,0.378467548983094
4,4,hbr,PDF:group_G,4.64334090898272,1.79165256182851,2.59165253794734,56,0.0121587054737488,0.139211864660356,0.527678548905775
4,4,hbr,Video:group_G,-2.25057511794305,1.78414104476208,-1.26143340771758,56,0.212382152434586,0.56635240649223,0.34860507431184
4,6,hbo,PDF:group_G,-1.49833051250261,7.78616902336544,-0.192434881391128,56,0.848097731320928,0.96925455008106,0.648131942086786
4,6,hbo,Video:group_G,-20.5237495236602,7.76810393588809,-2.64205392886698,56,0.0106633727160029,0.139211864660356,0.547599107645772
4,6,hbr,PDF:group_G,3.57465265636189,3.72186050146026,0.960447780071121,56,0.340958642774948,0.652268707917292,0.382682187858124
4,6,hbr,Video:group_G,-1.30342608646327,3.73221991274686,-0.349236142814523,56,0.728221871649701,0.865993577096942,0.544468470779083
5,2,hbo,PDF:group_G,2.78190155286622,3.82890343838482,0.726553071299112,56,0.470525956529052,0.752841530446483,0.422646447357186
5,2,hbo,Video:group_G,-4.36211087472343,3.89052202049502,-1.12121480144415,56,0.266981495060248,0.613882577945886,0.362695284974933
5,2,hbr,PDF:group_G,3.73757165771048,2.01589272991017,1.85405284827682,56,0.0690008280834489,0.337074044082897,0.30960269568877
5,2,hbr,Video:group_G,-0.0386309566159122,2.03262295227141,-0.0190054710209501,56,0.984904295845372,0.984904295845372,0.915923814532176
5,4,hbo,PDF:group_G,-3.44596728895045,5.72460139859648,-0.601957594775997,56,0.549631884990476,0.780122675470353,0.452049791926576
5,4,hbo,Video:group_G,0.246296712567953,5.70174714814951,0.0431967090381915,56,0.965698385992506,0.983379281419592,0.851487987618547
5,4,hbr,PDF:group_G,0.376912693426448,3.24513228521125,0.116147096728265,56,0.907951481457502,0.977920313757249,0.728869147600051
5,4,hbr,Video:group_G,2.78119226074302,3.27647543878727,0.84883659673409,56,0.399586256592538,0.717624297553946,0.39978151416457
5,5,hbo,PDF:group_G,3.17125334299479,5.65778678505924,0.560511285326138,56,0.577366466798778,0.784440502746525,0.463631623107088
5,5,hbo,Video:group_G,-0.844240558593066,5.63787088476851,-0.149744571283798,56,0.881504160979223,0.969654577077145,0.689479369781352
5,5,hbr,PDF:group_G,0.968802002088817,2.72557181256382,0.355449083243016,56,0.723588585853046,0.865993577096942,0.541377374381722
5,5,hbr,Video:group_G,1.80230465845111,2.74187563913898,0.65732545733441,56,0.513664402680226,0.764620706588548,0.438077786827201
5,7,hbo,PDF:group_G,4.52812964387837,7.69672717580364,0.588318845198715,56,0.558683698620472,0.780383579025422,0.455746968267324
5,7,hbo,Video:group_G,-1.98170650233281,7.78169192036484,-0.254662677810033,56,0.799916523600374,0.938568721024439,0.599908280025458
5,7,hbr,PDF:group_G,-5.19047719034661,3.94112045714994,-1.31700546755177,56,0.193200757603414,0.56463698735631,0.3437001559163
5,7,hbr,Video:group_G,-2.76100779151971,3.96175695091097,-0.696914986388764,56,0.488739052057191,0.756646772838832,0.429000999943676
6,3,hbo,PDF:group_G,-0.197357030428218,5.63883624514917,-0.0349996030826388,56,0.972204516858005,0.983379281419592,0.870986369917685
6,3,hbo,Video:group_G,-6.44804677844761,5.64373145334411,-1.14251481165478,56,0.258101449214317,0.613882577945886,0.360378478038678
6,3,hbr,PDF:group_G,-4.92063018654371,2.72759474846959,-1.80401805997926,56,0.0766077372915676,0.337074044082897,0.31201706029702
6,3,hbr,Video:group_G,2.88416880391137,2.71689911580038,1.06156639646213,56,0.292989412201446,0.613882577945886,0.369566541415105
6,6,hbo,PDF:group_G,14.6945672107133,5.74514119872793,2.55773821781212,56,0.0132697471465972,0.139211864660356,0.514230944608397
6,6,hbo,Video:group_G,-9.58966606343697,5.71869676131501,-1.67689710849991,56,0.0991368498615719,0.41543060894373,0.318730241302201
6,6,hbr,PDF:group_G,-1.60794777947978,2.49156892301816,-0.645355528648989,56,0.521332299946737,0.764620706588548,0.44096555433065
6,6,hbr,Video:group_G,-1.37600716065046,2.46955859139873,-0.557187493118397,56,0.579619657721825,0.784440502746525,0.464606749138863
7,4,hbo,PDF:group_G,-3.2468321434813,4.67355664463141,-0.694724037893281,56,0.490100750588789,0.756646772838832,0.429485189624721
7,4,hbo,Video:group_G,-8.80562736874095,4.71159602110991,-1.8689266501814,56,0.0668662555577267,0.337074044082897,0.308907637689404
7,4,hbr,PDF:group_G,-2.40905209348981,2.975375155131,-0.809663308956328,56,0.421560811105372,0.727399046613191,0.406575466132562
7,4,hbr,Video:group_G,3.26280809700429,2.95594359508405,1.1038127055031,56,0.274395008274569,0.613882577945886,0.364640044474387
7,6,hbo,PDF:group_G,6.11832388195388,5.57006569170031,1.09842939394243,56,0.276717346162857,0.613882577945886,0.365251394590494
7,6,hbo,Video:group_G,-9.0265811604892,5.57849397235642,-1.61810359663726,56,0.111259639714876,0.425689056300395,0.32215011268248
7,6,hbr,PDF:group_G,4.75229296173743,2.0238542550677,2.34813991661591,56,0.0224245469129113,0.17939637530329,0.431354545805195
7,6,hbr,Video:group_G,-5.17713511651258,2.01843877897094,-2.56492055664529,56,0.0130270344128848,0.139211864660356,0.51708078501058
7,7,hbo,PDF:group_G,7.50659746113256,5.05794575815534,1.48411980279327,56,0.143384306606184,0.485300730051698,0.330818186039705
7,7,hbo,Video:group_G,-20.9452771060167,5.08565488619536,-4.11850146632465,56,0.000126842409621506,0.00558106602334625,0.94190537148816
7,7,hbr,PDF:group_G,6.67291316423636,2.25080508818,2.9646783718763,56,0.00444486648203216,0.0977870626047075,0.670155090707212
7,7,hbr,Video:group_G,-1.53222808941771,2.27762289566485,-0.672731246394695,56,0.50388491996267,0.764515050977845,0.434461429137406
8,5,hbo,PDF:group_G,7.22082517454145,5.63496323680402,1.28143252601536,56,0.20532254085684,0.56463698735631,0.346799800109387
8,5,hbo,Video:group_G,-3.42518376810814,5.67483737895961,-0.603573906947108,56,0.548564105083373,0.780122675470353,0.451618718700751
8,5,hbr,PDF:group_G,-5.58166697718916,2.51154190501861,-2.22240646912391,56,0.0303117653093663,0.205187334401864,0.382859209057341
8,5,hbr,Video:group_G,1.02987078404307,2.51682164779404,0.409194980083607,56,0.683957442127697,0.858252183468617,0.516830841172573
8,7,hbo,PDF:group_G,1.35300203279042,7.63686880039515,0.177167117591494,56,0.860016369496505,0.969654577077145,0.661990278948193
8,7,hbo,Video:group_G,-18.0098636431067,7.58508701340405,-2.37437798818661,56,0.0210307265610477,0.17939637530329,0.441637398317182
8,7,hbr,PDF:group_G,-7.93662755703713,3.93469187818194,-2.01708997877219,56,0.0484896439399022,0.266693041669462,0.307875497565291
8,7,hbr,Video:group_G,-14.0067204638479,3.87302775656587,-3.61647820367478,56,0.000641460377338279,0.0188161710685895,0.860721556396342
